1 45,740830 21,243620
2 45,740860 21,243790
3 45,740890 21,243960
4 45,740920 21,244130
5 45,740950 21,244300
6 45,740980 21,244470
7 45,740739 21,243653
8 45,740769 21,243823
9 45,740799 21,243993
10 45,740829 21,244163
11 45,740859 21,244333
12 45,740889 21,244503
13 45,740648 21,243686
14 45,740678 21,243856
15 45,740708 21,244026
16 45,740738 21,244196
17 45,740768 21,244366
18 45,740798 21,244536
19 45,740557 21,243719
20 45,740587 21,243889
21 45,740617 21,244059
22 45,740647 21,244229
23 45,740677 21,244399
24 45,740707 21,244569
25 45,740466 21,243752
26 45,740496 21,243922
27 45,740526 21,244092
28 45,740556 21,244262
29 45,740586 21,244432
30 45,740616 21,244602
31 45,740375 21,243785
32 45,740405 21,243955
33 45,740435 21,244125
34 45,740465 21,244295
35 45,740495 21,244465
36 45,740525 21,244635
37 45,740284 21,243818
38 45,740314 21,243988
39 45,740344 21,244158
40 45,740374 21,244328
41 45,740404 21,244498
42 45,740434 21,244668
43 45,740193 21,243851
44 45,740223 21,244021
45 45,740253 21,244191
46 45,740283 21,244361
47 45,740313 21,244531
48 45,740343 21,244701
49 45,740102 21,243884
50 45,740132 21,244054
51 45,740162 21,244224
52 45,740192 21,244394
53 45,740222 21,244564
54 45,740252 21,244734
55 45,740011 21,243917
56 45,740041 21,244087
57 45,740071 21,244257
58 45,740101 21,244427
59 45,740131 21,244597
60 45,740161 21,244767
61 45,739920 21,243950
62 45,739950 21,244120
63 45,739980 21,244290
64 45,740010 21,244460
65 45,740040 21,244630
66 45,740070 21,244800